Cluster_ID	Spike_name	Amount_added	Sequence
Artificial_SPIKE_Calif	Callio-synth	5M	GGAGCCCCAGATATAGCATTCCCTCGAATAAAATTATTACATATATTTGCTATACTTAGTTCACTATCGTAAGCATAAATATACAGAATATGAAATATTGGAGCTGGAACTGGATGAACTGTTTATCCACCTTTATCGCCATGCATAACTCTTCACTGATCTAAGGACGATATGGTTAGTATCTGTATACTTAGACGATGTATAAAGTCGAATCAATGCGTTAGAAACATTTATAGAATAGATAATTAGACATATTGTACGCCTAATAAGAACAAGATAAGACGCTAAATCCAATCAATTCTTCAAGTAGTATACTATACTGTACTATATTCTTTACCAGTATTAGCAGGAGCTATTACTATATTTCGATTACCTCTAGTTATAATAAATGTAATGATAAACGAAGTAATACAAGTAGAACTATTCATATAACATGATTTATTTTGATTTTTTGGTCATCCTGAAGTTTAT
Artificial_SPIKE_tp53	tp53-synth	5M	GGAGCCCCAGATATAGCATTCCCTCGAATAAAATTCTATCATATTCTGTATATTTATGCTTATGATAGTGAACTAAATATAGCAAATATATGTAATATTGGAGCTGGAACTGGATGAACTGTTTATCCACCTTTATGTGAGCTGAGATCTCACCATTACACTCCAGCCTGGGCAACAAGAGTGAAACTCCGTCTCAAAAAAGATAAATAAAGTAAAATGGGGTAAGGGAAGATTACGAGACTAATACACACTAATACTCTGAGGTGCTCAGTAAACATATTTGCATGGGGTGTGGCCACCATCTTGATTTGAATTCCCGTTGTCCCAGCCTCTTTACCAGTATTAGCAGGAGCTATTACTATATTTACATGTTATATGAATATTTCTACTTGTATTACTTCGTTTATAATTACATTTATTATAACTAGAAGTAATAGTTTATTTTGATTTTTTGGTCATCCTGAAGTTTAT
